3,1
3,3
10,304
10,264
10,26
10,314
10,230
10,243
10,297
10,272
10,2
10,3
11,7
11,8
11,4
11,9
11,27
11,12
11,24
11,2
11,3
9,7
9,1
9,5
9,2
9,3
8,17
8,15
8,13
8,1
8,10
8,2
8,3
12,2
12,1
12,3
20,2
20,1
20,3
19,2
19,1
19,3
33,5
33,4
33,3
33,2
33,1
33,0
32,4
32,3
32,2
32,1
32,0
15,2
14,2
13,2
11,10
11,1
11,6
10,300
10,241
10,229
10,192
10,162
10,148
10,121
10,1
10,109
7,13
7,10
7,9
7,8
7,7
7,4
7,3
7,2
7,1
18,1
18,3
6,8
6,6
6,5
6,3
6,2
6,1
5,4
5,3
5,2
5,1
14,1
14,3
4,89
13,1
13,3
4,86
4,71
4,41
4,40
4,38
4,32
4,26
4,16
4,11
2,2
4,5
2,1
2,3
4,4
4,3
4,2
4,1
3,2
0,386
